621416512
454755463
284555085
958877875
419006851
171799996
479648032
1319148231
119237526
713856387
453024846
641772779
197824610
362369367
979516331
478077211
1137750326
383456750
1056024526
1378435355
1518519025
734132962
104152178
849670500
854118932
273713314
491180611
101479088
904429090
828000649
347168208
411386088
534533096
185728282
406616887
947138292
361152228
1633480075
1477713491
677339363
1269614705
687781409
879139160
303693936
340935787
1446718139
346798588
473229033
932933644
692171424
400009800
40272357
727314096
370300617
1114839809
542783236
403421772
648011676
861542547
1016558426
944176367
1282540315
666973610
289363558
1630163516
451553448
535202708
1721597353
470826422
542465568
505662248
1323203043
618455816
1231365856
818637689
744054375
248670974
713856387
322927357
333240493
858010735
183859223
924769077
142162369
992895564
1601212760
621416513
621416513
621416513
449279988
386157168
352485414
541875241
1648789472
297648010
383748918
977111967
867828078
524511157
416203595
610684124
1014659168
751544137
285909253
713856387
1605493
250449520
379614635
617313423
630656884
440840393
564848186
1345299474
104152178
596705307
122228039
457012037
891287445
539908670
568941398
982257800
310861846
1604917510
1120806376
